
--- NEW SESSION: 28/03/2022 17:00:32 ---
/cartStem/MechanicalObject.velocity = 0 0 0 0 0 0 0 0 0 0 0 0 0 0 0 0 0 0 0 0 0 0 0 0 0 0 0 0 0 0 0 0 0 0 0 0 0 0 0 0 0 0 0 0 0 0 0 0 0 0 0 0 0 0 0 0 0 0 0 0 0 0 0 0 0 0 0 0 0 0 0 0 0 0 0 0 0 0 0 0 0 0 0 0 0 0 0 0 0 0 0 0 0 0 0 0 0 0 0 0 0 0 0 0 0 0 0 0 0 0 0 0 0 0 0 0 0 0 0 0 0 0 0 0 0 0
/cartStem/MechanicalObject.force = 0 0 0 0 0 0 0 0 0 0 0 0 0 0 0 0 0 0 0 0 0 0 0 0 0 0 0 0 0 0 0 0 0 0 0 0 0 0 0 0 0 0 0 0 0 0 0 0 0 0 0 0 0 0 0 0 0 0 0 0 0 0 0 0 0 0 0 0 0 0 0 0 0 0 0 0 0 0 0 0 0 0 0 0 0 0 0 0 0 0 0 0 0 0 0 0 0 0 0 0 0 0 0 0 0 0 0 0 0 0 0 0 0 0 0 0 0 0 0 0 0 0 0 0 0 0
/cartStem/MechanicalObject.externalForce = 0 0 0 0 0 0 0 0 0 0 0 0 0 0 0 0 0 0 0 0 0 0 0 0 0 0 0 0 0 0 0 0 0 0 0 0 0 0 0 0 0 0 0 0 0 0 0 0 0 0 0 0 0 0 0 0 0 0 0 0 0 0 0 0 0 0 0 0 0 0 0 0 0 0 0 0 0 0 0 0 0 0 0 0 0 0 0 0 0 0 0 0 0 0 0 0 0 0 0 0 0 0 0 0 0 0 0 0 0 0 0 0 0 0 0 0 0 0 0 0 0 0 0 0 0 0
/cartStem/MechanicalObject.derivX = 0 0 0 0 0 0 0 0 0 0 0 0 0 0 0 0 0 0 0 0 0 0 0 0 0 0 0 0 0 0 0 0 0 0 0 0 0 0 0 0 0 0 0 0 0 0 0 0 0 0 0 0 0 0 0 0 0 0 0 0 0 0 0 0 0 0 0 0 0 0 0 0 0 0 0 0 0 0 0 0 0 0 0 0 0 0 0 0 0 0 0 0 0 0 0 0 0 0 0 0 0 0 0 0 0 0 0 0 0 0 0 0 0 0 0 0 0 0 0 0 0 0 0 0 0 0
/cartStem/MechanicalObject.dforce(V_DERIV) = 0 0 0 0 0 0 0 0 0 0 0 0 0 0 0 0 0 0 0 0 0 0 0 0 0 0 0 0 0 0 0 0 0 0 0 0 0 0 0 0 0 0 0 0 0 0 0 0 0 0 0 0 0 0 0 0 0 0 0 0 0 0 0 0 0 0 0 0 0 0 0 0 0 0 0 0 0 0 0 0 0 0 0 0 0 0 0 0 0 0 0 0 0 0 0 0 0 0 0 0 0 0 0 0 0 0 0 0 0 0 0 0 0 0 0 0 0 0 0 0 0 0 0 0 0 0
/cartStem/MechanicalObject.showColor = 1 1 1 1
/cartStem/MechanicalObject.9(V_DERIV) = 0 0 0 0 0 0 0 0 0 0 0 0 0 0 0 0 0 0 0 0 0 0 0 0 0 0 0 0 0 0 0 0 0 0 0 0 0 0 0 0 0 0 0 0 0 0 0 0 0 0 0 0 0 0 0 0 0 0 0 0 0 0 0 0 0 0 0 0 0 0 0 0 0 0 0 0 0 0 0 0 0 0 0 0 0 0 0 0 0 0 0 0 0 0 0 0 0 0 0 0 0 0 0 0 0 0 0 0 0 0 0 0 0 0 0 0 0 0 0 0 0 0 0 0 0 0
/cartStem/MechanicalObject.10(V_DERIV) = 0 0 0 0 0 0 0 0 0 0 0 0 0 0 0 0 0 0 0 0 0 0 0 0 0 0 0 0 0 0 0 0 0 0 0 0 0 0 0 0 0 0 0 0 0 0 0 0 0 0 0 0 0 0 0 0 0 0 0 0 0 0 0 0 0 0 0 0 0 0 0 0 0 0 0 0 0 0 0 0 0 0 0 0 0 0 0 0 0 0 0 0 0 0 0 0 0 0 0 0 0 0 0 0 0 0 0 0 0 0 0 0 0 0 0 0 0 0 0 0 0 0 0 0 0 0

--- NEW SESSION: 28/03/2022 17:09:32 ---
/cartStem.time = 9.44
/cartStem/actuator/actuator0.force = 4.16334e-17

--- NEW SESSION: 28/03/2022 17:14:08 ---
/cartStem/stemCollis/SkinningMapping.mapMatrices = 1
/cartStem/stemCollis/SkinningMapping.indices = [ 20, 19, 18, 17 ] [ 18, 19, 17, 20 ] [ 20, 19, 18, 17 ] [ 17, 18, 16, 19 ] [ 0, 1, 2, 3 ] [ 0, 1, 2, 3 ] [ 2, 3, 1, 4 ] [ 2, 1, 3, 0 ] [ 4, 3, 5, 2 ] [ 3, 2, 4, 1 ] [ 5, 4, 6, 3 ] [ 6, 7, 5, 8 ] [ 4, 5, 3, 6 ] [ 3, 4, 2, 5 ] [ 5, 6, 4, 7 ] [ 10, 11, 9, 12 ] [ 10, 9, 11, 8 ] [ 12, 11, 13, 10 ] [ 2, 1, 3, 0 ] [ 4, 3, 5, 2 ] [ 2, 1, 3, 0 ] [ 8, 7, 9, 6 ] [ 6, 5, 7, 4 ] [ 7, 6, 8, 5 ] [ 8, 9, 7, 10 ] [ 14, 13, 15, 12 ] [ 16, 15, 17, 14 ] [ 15, 16, 14, 17 ] [ 14, 13, 15, 12 ] [ 12, 11, 13, 10 ] [ 13, 12, 14, 11 ] [ 12, 13, 11, 14 ] [ 14, 15, 13, 16 ] [ 15, 14, 16, 13 ] [ 16, 15, 17, 14 ] [ 2, 1, 3, 0 ] [ 0, 1, 2, 3 ] [ 7, 8, 6, 9 ] [ 5, 4, 6, 3 ] [ 6, 5, 7, 4 ] [ 7, 6, 8, 5 ] [ 7, 8, 6, 9 ] [ 13, 12, 14, 11 ] [ 14, 15, 13, 16 ] [ 11, 12, 10, 13 ] [ 10, 11, 9, 12 ] [ 9, 8, 10, 7 ] [ 8, 9, 7, 10 ] [ 10, 9, 11, 8 ] [ 8, 9, 7, 10 ] [ 9, 10, 8, 11 ] [ 7, 6, 8, 5 ] [ 12, 11, 13, 10 ] [ 13, 14, 12, 15 ] [ 5, 4, 6, 3 ] [ 4, 5, 3, 6 ] [ 18, 17, 19, 16 ] [ 17, 16, 18, 15 ] [ 10, 11, 9, 12 ] [ 8, 9, 7, 10 ] [ 6, 5, 7, 4 ] [ 2, 3, 1, 4 ] [ 4, 5, 3, 6 ] [ 9, 10, 8, 11 ] [ 10, 9, 11, 8 ] [ 12, 11, 13, 10 ] [ 11, 10, 12, 9 ] [ 5, 4, 6, 3 ] [ 11, 12, 10, 13 ] [ 7, 8, 6, 9 ] [ 13, 14, 12, 15 ] [ 13, 14, 12, 15 ] [ 0, 1, 2, 3 ] [ 1, 2, 0, 3 ] [ 0, 1, 2, 3 ] [ 16, 17, 15, 18 ] [ 18, 17, 19, 16 ] [ 16, 15, 17, 14 ] [ 8, 9, 7, 10 ] [ 0, 1, 2, 3 ] [ 4, 3, 5, 2 ] [ 10, 11, 9, 12 ] [ 3, 2, 4, 1 ] [ 3, 2, 4, 1 ] [ 12, 11, 13, 10 ] [ 3, 4, 2, 5 ] [ 13, 12, 14, 11 ] [ 2, 1, 3, 0 ] [ 15, 16, 14, 17 ] [ 18, 17, 19, 16 ] [ 2, 3, 1, 4 ] [ 18, 17, 19, 16 ] [ 20, 19, 18, 17 ] [ 20, 19, 18, 17 ] [ 0, 1, 2, 3 ] [ 10, 9, 11, 8 ] [ 4, 5, 3, 6 ] [ 0, 1, 2, 3 ] [ 2, 1, 3, 0 ] [ 0, 1, 2, 3 ] [ 14, 15, 13, 16 ] [ 14, 13, 15, 12 ] [ 14, 13, 15, 12 ] [ 15, 16, 14, 17 ] [ 7, 6, 8, 5 ] [ 8, 7, 9, 6 ] [ 6, 5, 7, 4 ] [ 9, 8, 10, 7 ] [ 9, 8, 10, 7 ] [ 17, 16, 18, 15 ] [ 11, 12, 10, 13 ] [ 10, 11, 9, 12 ] [ 4, 3, 5, 2 ] [ 4, 5, 3, 6 ] [ 16, 17, 15, 18 ] [ 18, 17, 19, 16 ] [ 20, 19, 18, 17 ] [ 20, 19, 18, 17 ] [ 18, 19, 17, 20 ] [ 15, 16, 14, 17 ] [ 16, 17, 15, 18 ] [ 15, 16, 14, 17 ] [ 17, 16, 18, 15 ] [ 5, 6, 4, 7 ] [ 20, 19, 18, 17 ] [ 2, 3, 1, 4 ] [ 0, 1, 2, 3 ] [ 18, 19, 17, 20 ] [ 20, 19, 18, 17 ] [ 15, 16, 14, 17 ] [ 18, 19, 17, 20 ] [ 20, 19, 18, 17 ] [ 18, 17, 19, 16 ] [ 20, 19, 18, 17 ] [ 12, 11, 13, 10 ] [ 18, 19, 17, 20 ] [ 20, 19, 18, 17 ] [ 1, 2, 0, 3 ] [ 0, 1, 2, 3 ] [ 11, 12, 10, 13 ] [ 18, 19, 17, 20 ] [ 9, 8, 10, 7 ] [ 14, 15, 13, 16 ] [ 19, 18, 20, 17 ] [ 6, 5, 7, 4 ] [ 7, 8, 6, 9 ] [ 1, 2, 0, 3 ] [ 1, 2, 0, 3 ]
/cartStem/stemCollis/SkinningMapping.weight = [ 0.893959, 0.0835758, 0.0159447, 0.00652002 ] [ 0.767714, 0.148579, 0.0547593, 0.0289475 ] [ 0.893932, 0.0835974, 0.0159491, 0.00652186 ] [ 0.663334, 0.206621, 0.0842987, 0.0457471 ] [ 0.331567, 0.294139, 0.21973, 0.154563 ] [ 0.334259, 0.295088, 0.218338, 0.152314 ] [ 0.293259, 0.260215, 0.254986, 0.19154 ] [ 0.295137, 0.258966, 0.257392, 0.188505 ] [ 0.301648, 0.260356, 0.255756, 0.182239 ] [ 0.297201, 0.260054, 0.255845, 0.186899 ] [ 0.288569, 0.275829, 0.22916, 0.206442 ] [ 0.293821, 0.288253, 0.213267, 0.204659 ] [ 0.295142, 0.266542, 0.244986, 0.19333 ] [ 0.279408, 0.277669, 0.223111, 0.219812 ] [ 0.290134, 0.276866, 0.22808, 0.20492 ] [ 0.346129, 0.288975, 0.210314, 0.154582 ] [ 0.3239, 0.294867, 0.207062, 0.174171 ] [ 0.383241, 0.26978, 0.219544, 0.127436 ] [ 0.285725, 0.265473, 0.244407, 0.204395 ] [ 0.281268, 0.276716, 0.225291, 0.216725 ] [ 0.277801, 0.273192, 0.229093, 0.219914 ] [ 0.333597, 0.265704, 0.244253, 0.156446 ] [ 0.313657, 0.262673, 0.251992, 0.171679 ] [ 0.298166, 0.293442, 0.207572, 0.20082 ] [ 0.327703, 0.281246, 0.223826, 0.167225 ] [ 0.510926, 0.240955, 0.16826, 0.0798596 ] [ 0.526499, 0.317692, 0.089037, 0.0667718 ] [ 0.492256, 0.331141, 0.0996702, 0.0769332 ] [ 0.518531, 0.24773, 0.155373, 0.0783667 ] [ 0.420042, 0.266585, 0.202785, 0.110587 ] [ 0.455168, 0.266411, 0.180483, 0.0979383 ] [ 0.372945, 0.342314, 0.149646, 0.135094 ] [ 0.413819, 0.385337, 0.103122, 0.0977222 ] [ 0.461565, 0.345266, 0.106685, 0.0864847 ] [ 0.695406, 0.178325, 0.085059, 0.0412103 ] [ 0.290819, 0.260559, 0.253925, 0.194697 ] [ 0.328302, 0.292943, 0.221402, 0.157353 ] [ 0.323125, 0.263164, 0.250132, 0.163579 ] [ 0.307427, 0.259046, 0.25803, 0.175498 ] [ 0.292477, 0.275321, 0.230955, 0.201248 ] [ 0.307854, 0.266196, 0.246695, 0.179255 ] [ 0.308917, 0.265477, 0.247809, 0.177796 ] [ 0.36049, 0.338104, 0.15695, 0.144457 ] [ 0.477404, 0.221684, 0.21663, 0.0842818 ] [ 0.33094, 0.329586, 0.170274, 0.169201 ] [ 0.344853, 0.257408, 0.252982, 0.144757 ] [ 0.330462, 0.260665, 0.252434, 0.15644 ] [ 0.305761, 0.290441, 0.212418, 0.19138 ] [ 0.336694, 0.272764, 0.233555, 0.156987 ] [ 0.312476, 0.280204, 0.226308, 0.181012 ] [ 0.332589, 0.267194, 0.242341, 0.157876 ] [ 0.301947, 0.273613, 0.235119, 0.189321 ] [ 0.41127, 0.265182, 0.209736, 0.113812 ] [ 0.434332, 0.293776, 0.165081, 0.106811 ] [ 0.284332, 0.277402, 0.225456, 0.21281 ] [ 0.29346, 0.259313, 0.25654, 0.190687 ] [ 0.858485, 0.0908549, 0.0337546, 0.016906 ] [ 0.761869, 0.150136, 0.0579622, 0.0300328 ] [ 0.345289, 0.306552, 0.190565, 0.157594 ] [ 0.316285, 0.291601, 0.211394, 0.18072 ] [ 0.311064, 0.261257, 0.254367, 0.173312 ] [ 0.289727, 0.269234, 0.239541, 0.201499 ] [ 0.293744, 0.275522, 0.230949, 0.199785 ] [ 0.344033, 0.283589, 0.217494, 0.154885 ] [ 0.365747, 0.26823, 0.229701, 0.136323 ] [ 0.364241, 0.286176, 0.207883, 0.1417 ] [ 0.358483, 0.266108, 0.235555, 0.139854 ] [ 0.290786, 0.270616, 0.237659, 0.200939 ] [ 0.361289, 0.270869, 0.228098, 0.139744 ] [ 0.30912, 0.271144, 0.239217, 0.180519 ] [ 0.400483, 0.296801, 0.180241, 0.122475 ] [ 0.420047, 0.251668, 0.220836, 0.10745 ] [ 0.325531, 0.291891, 0.222804, 0.159774 ] [ 0.278284, 0.274805, 0.226863, 0.220049 ] [ 0.328302, 0.292943, 0.221402, 0.157353 ] [ 0.685609, 0.15927, 0.112319, 0.0428019 ] [ 0.866739, 0.0797898, 0.0371021, 0.0163692 ] [ 0.588916, 0.253859, 0.0981096, 0.0591151 ] [ 0.311349, 0.292215, 0.210565, 0.185871 ] [ 0.325531, 0.291891, 0.222804, 0.159774 ] [ 0.28739, 0.275699, 0.228993, 0.207917 ] [ 0.343844, 0.290552, 0.208991, 0.156613 ] [ 0.278974, 0.273786, 0.228712, 0.218528 ] [ 0.289436, 0.260581, 0.253572, 0.19641 ] [ 0.393824, 0.279673, 0.202311, 0.124191 ] [ 0.29357, 0.258681, 0.257628, 0.190121 ] [ 0.392496, 0.307138, 0.173558, 0.126808 ] [ 0.279916, 0.270851, 0.23365, 0.215583 ] [ 0.463669, 0.321017, 0.123938, 0.0913764 ] [ 0.542576, 0.334519, 0.067875, 0.0550301 ] [ 0.281126, 0.272728, 0.231238, 0.214908 ] [ 0.575679, 0.321485, 0.0568048, 0.0460308 ] [ 0.75038, 0.194454, 0.0391661, 0.0159996 ] [ 0.779483, 0.172262, 0.034257, 0.0139976 ] [ 0.323979, 0.291286, 0.223583, 0.161152 ] [ 0.330657, 0.310696, 0.18867, 0.169977 ] [ 0.294049, 0.266183, 0.245357, 0.194411 ] [ 0.323979, 0.291286, 0.223583, 0.161152 ] [ 0.288634, 0.265047, 0.245951, 0.200367 ] [ 0.331567, 0.294139, 0.21973, 0.154563 ] [ 0.45808, 0.24631, 0.201265, 0.0943459 ] [ 0.462317, 0.251471, 0.192249, 0.0939641 ] [ 0.508928, 0.225114, 0.187603, 0.078356 ] [ 0.557475, 0.232507, 0.141477, 0.0685414 ] [ 0.306652, 0.275609, 0.232596, 0.185143 ] [ 0.30132, 0.29048, 0.211827, 0.196373 ] [ 0.290962, 0.279886, 0.223952, 0.2052 ] [ 0.340504, 0.263529, 0.245514, 0.150454 ] [ 0.316265, 0.291494, 0.211528, 0.180714 ] [ 0.577714, 0.307129, 0.065035, 0.050122 ] [ 0.384321, 0.256042, 0.236716, 0.122921 ] [ 0.362353, 0.276891, 0.219948, 0.140808 ] [ 0.289492, 0.274371, 0.231596, 0.204541 ] [ 0.298801, 0.264356, 0.249015, 0.187828 ] [ 0.536366, 0.282121, 0.11053, 0.0709832 ] [ 0.764695, 0.14038, 0.0645628, 0.0303617 ] [ 0.821801, 0.139712, 0.0273202, 0.0111666 ] [ 0.779545, 0.172217, 0.0342458, 0.0139929 ] [ 0.925878, 0.0374508, 0.0278077, 0.00886319 ] [ 0.509846, 0.255842, 0.153408, 0.0809034 ] [ 0.492102, 0.342519, 0.0916834, 0.073695 ] [ 0.44149, 0.358031, 0.108148, 0.0923311 ] [ 0.769193, 0.128661, 0.0721037, 0.0300428 ] [ 0.297106, 0.275511, 0.231635, 0.195748 ] [ 0.865462, 0.10583, 0.0203771, 0.00833112 ] [ 0.291458, 0.264262, 0.247923, 0.196356 ] [ 0.334259, 0.295088, 0.218338, 0.152314 ] [ 0.811624, 0.125796, 0.0403312, 0.0222487 ] [ 0.740159, 0.202206, 0.0409204, 0.0167146 ] [ 0.493913, 0.274772, 0.145849, 0.0854656 ] [ 0.523184, 0.373028, 0.054991, 0.0487972 ] [ 0.821723, 0.139771, 0.0273336, 0.0111721 ] [ 0.551298, 0.331685, 0.0646084, 0.0524084 ] [ 0.865393, 0.105883, 0.0203884, 0.00833577 ] [ 0.421687, 0.260526, 0.208938, 0.108849 ] [ 0.702133, 0.214596, 0.0497312, 0.03354 ] [ 0.750413, 0.19443, 0.0391599, 0.0159969 ] [ 0.283034, 0.27529, 0.228101, 0.213575 ] [ 0.335311, 0.29545, 0.217792, 0.151447 ] [ 0.393694, 0.2713, 0.212283, 0.122723 ] [ 0.782223, 0.140485, 0.0504977, 0.0267937 ] [ 0.308609, 0.308534, 0.191472, 0.191385 ] [ 0.424087, 0.340775, 0.1294, 0.105737 ] [ 0.667745, 0.23944, 0.0547796, 0.0380352 ] [ 0.301002, 0.277761, 0.228975, 0.192262 ] [ 0.320333, 0.26145, 0.253175, 0.165042 ] [ 0.277444, 0.272573, 0.22988, 0.220103 ] [ 0.292472, 0.260791, 0.253874, 0.192863 ]

--- NEW SESSION: 28/03/2022 17:15:19 ---
/cartStem/stemCollis/SkinningMapping.indices = [ 20, 19, 18, 17 ] [ 18, 19, 17, 20 ] [ 20, 19, 18, 17 ] [ 17, 18, 16, 19 ] [ 0, 1, 2, 3 ] [ 0, 1, 2, 3 ] [ 2, 3, 1, 4 ] [ 2, 1, 3, 0 ] [ 4, 3, 5, 2 ] [ 3, 2, 4, 1 ] [ 5, 4, 6, 3 ] [ 6, 7, 5, 8 ] [ 4, 5, 3, 6 ] [ 3, 4, 2, 5 ] [ 5, 6, 4, 7 ] [ 10, 11, 9, 12 ] [ 10, 9, 11, 8 ] [ 12, 11, 13, 10 ] [ 2, 1, 3, 0 ] [ 4, 3, 5, 2 ] [ 2, 1, 3, 0 ] [ 8, 7, 9, 6 ] [ 6, 5, 7, 4 ] [ 7, 6, 8, 5 ] [ 8, 9, 7, 10 ] [ 14, 13, 15, 12 ] [ 16, 15, 17, 14 ] [ 15, 16, 14, 17 ] [ 14, 13, 15, 12 ] [ 12, 11, 13, 10 ] [ 13, 12, 14, 11 ] [ 12, 13, 11, 14 ] [ 14, 15, 13, 16 ] [ 15, 14, 16, 13 ] [ 16, 15, 17, 14 ] [ 2, 1, 3, 0 ] [ 0, 1, 2, 3 ] [ 7, 8, 6, 9 ] [ 5, 4, 6, 3 ] [ 6, 5, 7, 4 ] [ 7, 6, 8, 5 ] [ 7, 8, 6, 9 ] [ 13, 12, 14, 11 ] [ 14, 15, 13, 16 ] [ 11, 12, 10, 13 ] [ 10, 11, 9, 12 ] [ 9, 8, 10, 7 ] [ 8, 9, 7, 10 ] [ 10, 9, 11, 8 ] [ 8, 9, 7, 10 ] [ 9, 10, 8, 11 ] [ 7, 6, 8, 5 ] [ 12, 11, 13, 10 ] [ 13, 14, 12, 15 ] [ 5, 4, 6, 3 ] [ 4, 5, 3, 6 ] [ 18, 17, 19, 16 ] [ 17, 16, 18, 15 ] [ 10, 11, 9, 12 ] [ 8, 9, 7, 10 ] [ 6, 5, 7, 4 ] [ 2, 3, 1, 4 ] [ 4, 5, 3, 6 ] [ 9, 10, 8, 11 ] [ 10, 9, 11, 8 ] [ 12, 11, 13, 10 ] [ 11, 10, 12, 9 ] [ 5, 4, 6, 3 ] [ 11, 12, 10, 13 ] [ 7, 8, 6, 9 ] [ 13, 14, 12, 15 ] [ 13, 14, 12, 15 ] [ 0, 1, 2, 3 ] [ 1, 2, 0, 3 ] [ 0, 1, 2, 3 ] [ 16, 17, 15, 18 ] [ 18, 17, 19, 16 ] [ 16, 15, 17, 14 ] [ 8, 9, 7, 10 ] [ 0, 1, 2, 3 ] [ 4, 3, 5, 2 ] [ 10, 11, 9, 12 ] [ 3, 2, 4, 1 ] [ 3, 2, 4, 1 ] [ 12, 11, 13, 10 ] [ 3, 4, 2, 5 ] [ 13, 12, 14, 11 ] [ 2, 1, 3, 0 ] [ 15, 16, 14, 17 ] [ 18, 17, 19, 16 ] [ 2, 3, 1, 4 ] [ 18, 17, 19, 16 ] [ 20, 19, 18, 17 ] [ 20, 19, 18, 17 ] [ 0, 1, 2, 3 ] [ 10, 9, 11, 8 ] [ 4, 5, 3, 6 ] [ 0, 1, 2, 3 ] [ 2, 1, 3, 0 ] [ 0, 1, 2, 3 ] [ 14, 15, 13, 16 ] [ 14, 13, 15, 12 ] [ 14, 13, 15, 12 ] [ 15, 16, 14, 17 ] [ 7, 6, 8, 5 ] [ 8, 7, 9, 6 ] [ 6, 5, 7, 4 ] [ 9, 8, 10, 7 ] [ 9, 8, 10, 7 ] [ 17, 16, 18, 15 ] [ 11, 12, 10, 13 ] [ 10, 11, 9, 12 ] [ 4, 3, 5, 2 ] [ 4, 5, 3, 6 ] [ 16, 17, 15, 18 ] [ 18, 17, 19, 16 ] [ 20, 19, 18, 17 ] [ 20, 19, 18, 17 ] [ 18, 19, 17, 20 ] [ 15, 16, 14, 17 ] [ 16, 17, 15, 18 ] [ 15, 16, 14, 17 ] [ 17, 16, 18, 15 ] [ 5, 6, 4, 7 ] [ 20, 19, 18, 17 ] [ 2, 3, 1, 4 ] [ 0, 1, 2, 3 ] [ 18, 19, 17, 20 ] [ 20, 19, 18, 17 ] [ 15, 16, 14, 17 ] [ 18, 19, 17, 20 ] [ 20, 19, 18, 17 ] [ 18, 17, 19, 16 ] [ 20, 19, 18, 17 ] [ 12, 11, 13, 10 ] [ 18, 19, 17, 20 ] [ 20, 19, 18, 17 ] [ 1, 2, 0, 3 ] [ 0, 1, 2, 3 ] [ 11, 12, 10, 13 ] [ 18, 19, 17, 20 ] [ 9, 8, 10, 7 ] [ 14, 15, 13, 16 ] [ 19, 18, 20, 17 ] [ 6, 5, 7, 4 ] [ 7, 8, 6, 9 ] [ 1, 2, 0, 3 ] [ 1, 2, 0, 3 ]
/cartStem/stemCollis/SkinningMapping.weight = [ 0.893959, 0.0835758, 0.0159447, 0.00652002 ] [ 0.767714, 0.148579, 0.0547593, 0.0289475 ] [ 0.893932, 0.0835974, 0.0159491, 0.00652186 ] [ 0.663334, 0.206621, 0.0842987, 0.0457471 ] [ 0.331567, 0.294139, 0.21973, 0.154563 ] [ 0.334259, 0.295088, 0.218338, 0.152314 ] [ 0.293259, 0.260215, 0.254986, 0.19154 ] [ 0.295137, 0.258966, 0.257392, 0.188505 ] [ 0.301648, 0.260356, 0.255756, 0.182239 ] [ 0.297201, 0.260054, 0.255845, 0.186899 ] [ 0.288569, 0.275829, 0.22916, 0.206442 ] [ 0.293821, 0.288253, 0.213267, 0.204659 ] [ 0.295142, 0.266542, 0.244986, 0.19333 ] [ 0.279408, 0.277669, 0.223111, 0.219812 ] [ 0.290134, 0.276866, 0.22808, 0.20492 ] [ 0.346129, 0.288975, 0.210314, 0.154582 ] [ 0.3239, 0.294867, 0.207062, 0.174171 ] [ 0.383241, 0.26978, 0.219544, 0.127436 ] [ 0.285725, 0.265473, 0.244407, 0.204395 ] [ 0.281268, 0.276716, 0.225291, 0.216725 ] [ 0.277801, 0.273192, 0.229093, 0.219914 ] [ 0.333597, 0.265704, 0.244253, 0.156446 ] [ 0.313657, 0.262673, 0.251992, 0.171679 ] [ 0.298166, 0.293442, 0.207572, 0.20082 ] [ 0.327703, 0.281246, 0.223826, 0.167225 ] [ 0.510926, 0.240955, 0.16826, 0.0798596 ] [ 0.526499, 0.317692, 0.089037, 0.0667718 ] [ 0.492256, 0.331141, 0.0996702, 0.0769332 ] [ 0.518531, 0.24773, 0.155373, 0.0783667 ] [ 0.420042, 0.266585, 0.202785, 0.110587 ] [ 0.455168, 0.266411, 0.180483, 0.0979383 ] [ 0.372945, 0.342314, 0.149646, 0.135094 ] [ 0.413819, 0.385337, 0.103122, 0.0977222 ] [ 0.461565, 0.345266, 0.106685, 0.0864847 ] [ 0.695406, 0.178325, 0.085059, 0.0412103 ] [ 0.290819, 0.260559, 0.253925, 0.194697 ] [ 0.328302, 0.292943, 0.221402, 0.157353 ] [ 0.323125, 0.263164, 0.250132, 0.163579 ] [ 0.307427, 0.259046, 0.25803, 0.175498 ] [ 0.292477, 0.275321, 0.230955, 0.201248 ] [ 0.307854, 0.266196, 0.246695, 0.179255 ] [ 0.308917, 0.265477, 0.247809, 0.177796 ] [ 0.36049, 0.338104, 0.15695, 0.144457 ] [ 0.477404, 0.221684, 0.21663, 0.0842818 ] [ 0.33094, 0.329586, 0.170274, 0.169201 ] [ 0.344853, 0.257408, 0.252982, 0.144757 ] [ 0.330462, 0.260665, 0.252434, 0.15644 ] [ 0.305761, 0.290441, 0.212418, 0.19138 ] [ 0.336694, 0.272764, 0.233555, 0.156987 ] [ 0.312476, 0.280204, 0.226308, 0.181012 ] [ 0.332589, 0.267194, 0.242341, 0.157876 ] [ 0.301947, 0.273613, 0.235119, 0.189321 ] [ 0.41127, 0.265182, 0.209736, 0.113812 ] [ 0.434332, 0.293776, 0.165081, 0.106811 ] [ 0.284332, 0.277402, 0.225456, 0.21281 ] [ 0.29346, 0.259313, 0.25654, 0.190687 ] [ 0.858485, 0.0908549, 0.0337546, 0.016906 ] [ 0.761869, 0.150136, 0.0579622, 0.0300328 ] [ 0.345289, 0.306552, 0.190565, 0.157594 ] [ 0.316285, 0.291601, 0.211394, 0.18072 ] [ 0.311064, 0.261257, 0.254367, 0.173312 ] [ 0.289727, 0.269234, 0.239541, 0.201499 ] [ 0.293744, 0.275522, 0.230949, 0.199785 ] [ 0.344033, 0.283589, 0.217494, 0.154885 ] [ 0.365747, 0.26823, 0.229701, 0.136323 ] [ 0.364241, 0.286176, 0.207883, 0.1417 ] [ 0.358483, 0.266108, 0.235555, 0.139854 ] [ 0.290786, 0.270616, 0.237659, 0.200939 ] [ 0.361289, 0.270869, 0.228098, 0.139744 ] [ 0.30912, 0.271144, 0.239217, 0.180519 ] [ 0.400483, 0.296801, 0.180241, 0.122475 ] [ 0.420047, 0.251668, 0.220836, 0.10745 ] [ 0.325531, 0.291891, 0.222804, 0.159774 ] [ 0.278284, 0.274805, 0.226863, 0.220049 ] [ 0.328302, 0.292943, 0.221402, 0.157353 ] [ 0.685609, 0.15927, 0.112319, 0.0428019 ] [ 0.866739, 0.0797898, 0.0371021, 0.0163692 ] [ 0.588916, 0.253859, 0.0981096, 0.0591151 ] [ 0.311349, 0.292215, 0.210565, 0.185871 ] [ 0.325531, 0.291891, 0.222804, 0.159774 ] [ 0.28739, 0.275699, 0.228993, 0.207917 ] [ 0.343844, 0.290552, 0.208991, 0.156613 ] [ 0.278974, 0.273786, 0.228712, 0.218528 ] [ 0.289436, 0.260581, 0.253572, 0.19641 ] [ 0.393824, 0.279673, 0.202311, 0.124191 ] [ 0.29357, 0.258681, 0.257628, 0.190121 ] [ 0.392496, 0.307138, 0.173558, 0.126808 ] [ 0.279916, 0.270851, 0.23365, 0.215583 ] [ 0.463669, 0.321017, 0.123938, 0.0913764 ] [ 0.542576, 0.334519, 0.067875, 0.0550301 ] [ 0.281126, 0.272728, 0.231238, 0.214908 ] [ 0.575679, 0.321485, 0.0568048, 0.0460308 ] [ 0.75038, 0.194454, 0.0391661, 0.0159996 ] [ 0.779483, 0.172262, 0.034257, 0.0139976 ] [ 0.323979, 0.291286, 0.223583, 0.161152 ] [ 0.330657, 0.310696, 0.18867, 0.169977 ] [ 0.294049, 0.266183, 0.245357, 0.194411 ] [ 0.323979, 0.291286, 0.223583, 0.161152 ] [ 0.288634, 0.265047, 0.245951, 0.200367 ] [ 0.331567, 0.294139, 0.21973, 0.154563 ] [ 0.45808, 0.24631, 0.201265, 0.0943459 ] [ 0.462317, 0.251471, 0.192249, 0.0939641 ] [ 0.508928, 0.225114, 0.187603, 0.078356 ] [ 0.557475, 0.232507, 0.141477, 0.0685414 ] [ 0.306652, 0.275609, 0.232596, 0.185143 ] [ 0.30132, 0.29048, 0.211827, 0.196373 ] [ 0.290962, 0.279886, 0.223952, 0.2052 ] [ 0.340504, 0.263529, 0.245514, 0.150454 ] [ 0.316265, 0.291494, 0.211528, 0.180714 ] [ 0.577714, 0.307129, 0.065035, 0.050122 ] [ 0.384321, 0.256042, 0.236716, 0.122921 ] [ 0.362353, 0.276891, 0.219948, 0.140808 ] [ 0.289492, 0.274371, 0.231596, 0.204541 ] [ 0.298801, 0.264356, 0.249015, 0.187828 ] [ 0.536366, 0.282121, 0.11053, 0.0709832 ] [ 0.764695, 0.14038, 0.0645628, 0.0303617 ] [ 0.821801, 0.139712, 0.0273202, 0.0111666 ] [ 0.779545, 0.172217, 0.0342458, 0.0139929 ] [ 0.925878, 0.0374508, 0.0278077, 0.00886319 ] [ 0.509846, 0.255842, 0.153408, 0.0809034 ] [ 0.492102, 0.342519, 0.0916834, 0.073695 ] [ 0.44149, 0.358031, 0.108148, 0.0923311 ] [ 0.769193, 0.128661, 0.0721037, 0.0300428 ] [ 0.297106, 0.275511, 0.231635, 0.195748 ] [ 0.865462, 0.10583, 0.0203771, 0.00833112 ] [ 0.291458, 0.264262, 0.247923, 0.196356 ] [ 0.334259, 0.295088, 0.218338, 0.152314 ] [ 0.811624, 0.125796, 0.0403312, 0.0222487 ] [ 0.740159, 0.202206, 0.0409204, 0.0167146 ] [ 0.493913, 0.274772, 0.145849, 0.0854656 ] [ 0.523184, 0.373028, 0.054991, 0.0487972 ] [ 0.821723, 0.139771, 0.0273336, 0.0111721 ] [ 0.551298, 0.331685, 0.0646084, 0.0524084 ] [ 0.865393, 0.105883, 0.0203884, 0.00833577 ] [ 0.421687, 0.260526, 0.208938, 0.108849 ] [ 0.702133, 0.214596, 0.0497312, 0.03354 ] [ 0.750413, 0.19443, 0.0391599, 0.0159969 ] [ 0.283034, 0.27529, 0.228101, 0.213575 ] [ 0.335311, 0.29545, 0.217792, 0.151447 ] [ 0.393694, 0.2713, 0.212283, 0.122723 ] [ 0.782223, 0.140485, 0.0504977, 0.0267937 ] [ 0.308609, 0.308534, 0.191472, 0.191385 ] [ 0.424087, 0.340775, 0.1294, 0.105737 ] [ 0.667745, 0.23944, 0.0547796, 0.0380352 ] [ 0.301002, 0.277761, 0.228975, 0.192262 ] [ 0.320333, 0.26145, 0.253175, 0.165042 ] [ 0.277444, 0.272573, 0.22988, 0.220103 ] [ 0.292472, 0.260791, 0.253874, 0.192863 ]

--- NEW SESSION: 28/03/2022 17:25:45 ---
/cartStem/MechanicalObject.velocity = 0 0 0 0 0 0 0 0 0 0 0 0 0 0 0 0 0 0 0 0 0 0 0 0 0 0 0 0 0 0 0 0 0 0 0 0 0 0 0 0 0 0 0 0 0 0 0 0 0 0 0 0 0 0 0 0 0 0 0 0 0 0 0 0 0 0 0 0 0 0 0 0 0 0 0 0 0 0 0 0 0 0 0 0 0 0 0 0 0 0 0 0 0 0 0 0 0 0 0 0 0 0 0 0 0 0 0 0 0 0 0 0 0 0 0 0 0 0 0 0 0 0 0 0 0 0
/cartStem/MechanicalObject.force = 0 0 0 0 0 0 0 0 0 0 0 0 0 0 0 0 0 0 0 0 0 0 0 0 0 0 0 0 0 0 0 0 0 0 0 0 0 0 0 0 0 0 0 0 0 0 0 0 0 0 0 0 0 0 0 0 0 0 0 0 0 0 0 0 0 0 0 0 0 0 0 0 0 0 0 0 0 0 0 0 0 0 0 0 0 0 0 0 0 0 0 0 0 0 0 0 0 0 0 0 0 0 0 0 0 0 0 0 0 0 0 0 0 0 0 0 0 0 0 0 0 0 0 0 0 0
/cartStem/MechanicalObject.externalForce = 0 0 0 0 0 0 0 0 0 0 0 0 0 0 0 0 0 0 0 0 0 0 0 0 0 0 0 0 0 0 0 0 0 0 0 0 0 0 0 0 0 0 0 0 0 0 0 0 0 0 0 0 0 0 0 0 0 0 0 0 0 0 0 0 0 0 0 0 0 0 0 0 0 0 0 0 0 0 0 0 0 0 0 0 0 0 0 0 0 0 0 0 0 0 0 0 0 0 0 0 0 0 0 0 0 0 0 0 0 0 0 0 0 0 0 0 0 0 0 0 0 0 0 0 0 0
/cartStem/MechanicalObject.derivX = 0 0 0 0 0 0 0 0 0 0 0 0 0 0 0 0 0 0 0 0 0 0 0 0 0 0 0 0 0 0 0 0 0 0 0 0 0 0 0 0 0 0 0 0 0 0 0 0 0 0 0 0 0 0 0 0 0 0 0 0 0 0 0 0 0 0 0 0 0 0 0 0 0 0 0 0 0 0 0 0 0 0 0 0 0 0 0 0 0 0 0 0 0 0 0 0 0 0 0 0 0 0 0 0 0 0 0 0 0 0 0 0 0 0 0 0 0 0 0 0 0 0 0 0 0 0
/cartStem/MechanicalObject.dforce(V_DERIV) = 0 0 0 0 0 0 0 0 0 0 0 0 0 0 0 0 0 0 0 0 0 0 0 0 0 0 0 0 0 0 0 0 0 0 0 0 0 0 0 0 0 0 0 0 0 0 0 0 0 0 0 0 0 0 0 0 0 0 0 0 0 0 0 0 0 0 0 0 0 0 0 0 0 0 0 0 0 0 0 0 0 0 0 0 0 0 0 0 0 0 0 0 0 0 0 0 0 0 0 0 0 0 0 0 0 0 0 0 0 0 0 0 0 0 0 0 0 0 0 0 0 0 0 0 0 0
/cartStem/MechanicalObject.showColor = 1 1 1 1
/cartStem/MechanicalObject.9(V_DERIV) = 0 0 0 0 0 0 0 0 0 0 0 0 0 0 0 0 0 0 0 0 0 0 0 0 0 0 0 0 0 0 0 0 0 0 0 0 0 0 0 0 0 0 0 0 0 0 0 0 0 0 0 0 0 0 0 0 0 0 0 0 0 0 0 0 0 0 0 0 0 0 0 0 0 0 0 0 0 0 0 0 0 0 0 0 0 0 0 0 0 0 0 0 0 0 0 0 0 0 0 0 0 0 0 0 0 0 0 0 0 0 0 0 0 0 0 0 0 0 0 0 0 0 0 0 0 0
/cartStem/MechanicalObject.10(V_DERIV) = 0 0 0 0 0 0 0 0 0 0 0 0 0 0 0 0 0 0 0 0 0 0 0 0 0 0 0 0 0 0 0 0 0 0 0 0 0 0 0 0 0 0 0 0 0 0 0 0 0 0 0 0 0 0 0 0 0 0 0 0 0 0 0 0 0 0 0 0 0 0 0 0 0 0 0 0 0 0 0 0 0 0 0 0 0 0 0 0 0 0 0 0 0 0 0 0 0 0 0 0 0 0 0 0 0 0 0 0 0 0 0 0 0 0 0 0 0 0 0 0 0 0 0 0 0 0
/cartStem/stemCollis/collisMO.showColor = 1 1 1 1

--- NEW SESSION: 29/03/2022 12:54:06 ---
/cartStem/stemCollis/collisMO.showColor = 1 1 1 1

--- NEW SESSION: 29/03/2022 16:00:04 ---
//QPInverseProblemSolver.printLog = 1
/cartStem/actuator/MechanicalObject.showColor = 1 1 1 1
/cartStem/Effectors/EffectorMO.showColor = 1 1 1 1
/cartStem/stemCollis/collisMO.constraint = 0 2 41 0.308321 7.71334e-08 -0.0545415  47 0.67639 1.69214e-07 -0.119652  

/cartStem/stemCollis/collisMO.showColor = 1 1 1 1
/cartStem/stemCollis/collisMO.showObject = 1

--- NEW SESSION: 04/04/2022 15:49:40 ---
//QPInverseProblemSolver.objective = 20.4305
